Variables = Inlet order, inlet longitude, inlet latitude, outfall longitude, outfall latitude 
           1   113.534403355559        22.2111999203917     
   113.536803355499        22.2083999204624     
           2   113.534803355549        22.2103999204119     
   113.536803355499        22.2083999204624     
           3   113.535203355539        22.2095999204321     
   113.536803355499        22.2083999204624     
           4   113.535603355529        22.2083999204624     
   113.536403355509        22.2079999204725     
           5   113.535203355539        22.2115999203816     
   113.536803355499        22.2083999204624     
           6   113.536003355519        22.2111999203917     
   113.537603355478        22.2087999204523     
           7   113.536403355509        22.2099999204220     
   113.536803355499        22.2083999204624     
           8   113.536803355499        22.2091999204422     
   113.536803355499        22.2083999204624     
           9   113.539603355428        22.2119999203715     
   113.540403355408        22.2111999203917     
          10   113.540003355418        22.2131999203411     
   113.540403355408        22.2111999203917     
          11   113.541203355388        22.2127999203512     
   113.540803355398        22.2111999203917     
          12   113.541603355377        22.2111999203917     
   113.541603355377        22.2095999204321     
          13   113.542403355357        22.2127999203512     
   113.540803355398        22.2111999203917     
          14   113.543603355327        22.2139999203209     
   113.540803355398        22.2111999203917     
          15   113.544403355307        22.2139999203209     
   113.541603355377        22.2095999204321     
          16   113.544403355307        22.2127999203512     
   113.541603355377        22.2103999204119     
          17   113.546003355266        22.2127999203512     
   113.541603355377        22.2103999204119     
          18   113.546003355266        22.2139999203209     
   113.541603355377        22.2103999204119     
          19   113.547203355236        22.2139999203209     
   113.541603355377        22.2095999204321     
          20   113.548003355216        22.2135999203310     
   113.541603355377        22.2095999204321     
          21   113.548003355216        22.2151999202906     
   113.552003355115        22.2163999202603     
          22   113.548003355216        22.2123999203613     
   113.541603355377        22.2095999204321     
          23   113.542003355367        22.2095999204321     
   113.541603355377        22.2095999204321     
          24   113.542403355357        22.2079999204725     
   113.542403355357        22.2083999204624     
          25   113.540403355408        22.2071999204927     
   113.540403355408        22.2075999204826     
          26   113.538803355448        22.2067999205028     
   113.538803355448        22.2071999204927     
          27   113.544403355307        22.2115999203816     
   113.541603355377        22.2103999204119     
          28   113.545203355287        22.2111999203917     
   113.541603355377        22.2103999204119     
          29   113.545603355276        22.2099999204220     
   113.542403355357        22.2083999204624     
          30   113.546003355266        22.2087999204523     
   113.542403355357        22.2083999204624     
          31   113.546003355266        22.2075999204826     
   113.542403355357        22.2083999204624     
          32   113.543203355337        22.2111999203917     
   113.541603355377        22.2103999204119     
          33   113.542803355347        22.2099999204220     
   113.542003355367        22.2091999204422     
          34   113.543203355337        22.2103999204119     
   113.541603355377        22.2103999204119     
          35   113.543603355327        22.2095999204321     
   113.542003355367        22.2091999204422     
          36   113.544803355297        22.2099999204220     
   113.542403355357        22.2083999204624     
          37   113.544003355317        22.2083999204624     
   113.542403355357        22.2083999204624     
          38   113.540803355398        22.2059999205230     
   113.540403355408        22.2055999205331     
          39   113.541603355377        22.2063999205129     
   113.540803355398        22.2075999204826     
          40   113.543203355337        22.2067999205028     
   113.542003355367        22.2079999204725     
          41   113.537603355478        22.2035999205837     
   113.537603355478        22.2035999205837     
          42   113.538803355448        22.2043999205634     
   113.538803355448        22.2047999205533     
          43   113.540003355418        22.2043999205634     
   113.539603355428        22.2047999205533     
          44   113.540803355398        22.2047999205533     
   113.540403355408        22.2055999205331     
          45   113.542003355367        22.2051999205432     
   113.540403355408        22.2055999205331     
          46   113.543603355327        22.2055999205331     
   113.542003355367        22.2079999204725     
          47   113.544803355297        22.2067999205028     
   113.542403355357        22.2083999204624     
          48   113.544803355297        22.2055999205331     
   113.542403355357        22.2083999204624     
          49   113.546403355256        22.2115999203816     
   113.541603355377        22.2103999204119     
          50   113.547603355226        22.2107999204018     
   113.542403355357        22.2083999204624     
          51   113.538403355458        22.2027999206039     
   113.537603355478        22.2027999206039     
          52   113.540403355408        22.2031999205938     
   113.539603355428        22.2047999205533     
          53   113.541603355377        22.2019999206241     
   113.539603355428        22.2047999205533     
          54   113.542803355347        22.2019999206241     
   113.540003355418        22.2051999205432     
          55   113.543203355337        22.2027999206039     
   113.540403355408        22.2055999205331     
          56   113.542803355347        22.2039999205736     
   113.540403355408        22.2055999205331     
          57   113.546403355256        22.2055999205331     
   113.542403355357        22.2083999204624     
          58   113.546003355266        22.2047999205533     
   113.542403355357        22.2083999204624     
          59   113.544403355307        22.2023999206140     
   113.540403355408        22.2055999205331     
          60   113.545203355287        22.2027999206039     
   113.540403355408        22.2055999205331     
          61   113.547203355236        22.2031999205938     
   113.542403355357        22.2083999204624     
          62   113.546803355246        22.2023999206140     
   113.540403355408        22.2055999205331     
          63   113.548003355216        22.2039999205736     
   113.542403355357        22.2083999204624     
          64   113.548803355196        22.2051999205432     
   113.542403355357        22.2083999204624     
          65   113.550803355145        22.2067999205028     
   113.542403355357        22.2083999204624     
          66   113.548003355216        22.2055999205331     
   113.542403355357        22.2083999204624     
          67   113.545203355287        22.2015999206342     
   113.540403355408        22.2055999205331     
          68   113.546003355266        22.2015999206342     
   113.540403355408        22.2055999205331     
          69   113.547203355236        22.2015999206342     
   113.540403355408        22.2055999205331     
          70   113.548003355216        22.2027999206039     
   113.542403355357        22.2083999204624     
          71   113.547203355236        22.2007999206544     
   113.540403355408        22.2055999205331     
          72   113.550003355165        22.2035999205837     
   113.542403355357        22.2083999204624     
          73   113.548003355216        22.2007999206544     
   113.540403355408        22.2055999205331     
          74   113.537603355478        22.1979999207251     
   113.536803355499        22.1987999207049     
          75   113.538403355458        22.1975999207352     
   113.536803355499        22.1987999207049     
          76   113.538003355468        22.1967999207554     
   113.536403355509        22.1967999207554     
          77   113.536803355499        22.1971999207453     
   113.536403355509        22.1967999207554     
          78   113.539603355428        22.1967999207554     
   113.536403355509        22.1967999207554     
          79   113.540003355418        22.1959999207756     
   113.536403355509        22.1963999207655     
          80   113.539603355428        22.1951999207959     
   113.536403355509        22.1963999207655     
          81   113.538003355468        22.1943999208161     
   113.536003355519        22.1955999207858     
          82   113.537203355489        22.1955999207858     
   113.536403355509        22.1963999207655     
          83   113.537203355489        22.1943999208161     
   113.535603355529        22.1947999208060     
          84   113.536003355519        22.1947999208060     
   113.535603355529        22.1947999208060     
          85   113.535203355539        22.1931999208464     
   113.534803355549        22.1935999208363     
          86   113.534003355569        22.1923999208666     
   113.534003355569        22.1923999208666     
          87   113.535203355539        22.1907999209070     
   113.534003355569        22.1923999208666     
          88   113.534403355559        22.1891999209474     
   113.532803355600        22.1907999209070     
          89   113.533603355580        22.1911999208969     
   113.533203355590        22.1915999208868     
          90   113.532003355620        22.1895999209373     
   113.532003355620        22.1899999209272     
          91   113.532803355600        22.1887999209575     
   113.532003355620        22.1899999209272     
          92   113.532403355610        22.1883999209676     
   113.531203355640        22.1887999209575     
          93   113.531603355630        22.1887999209575     
   113.531203355640        22.1887999209575     
          94   113.530003355670        22.1855999210384     
   113.529603355681        22.1859999210283     
          95   113.530003355670        22.1835999210889     
   113.529203355691        22.1835999210889     
          96   113.540003355418        22.1987999207049     
   113.537203355489        22.1999999206746     
          97   113.543603355327        22.1983999207150     
   113.537203355489        22.1999999206746     
          98   113.544803355297        22.1971999207453     
   113.537203355489        22.1999999206746     
          99   113.545203355287        22.1975999207352     
   113.537203355489        22.1999999206746     
         100   113.546003355266        22.1971999207453     
   113.537203355489        22.1999999206746     
         101   113.544803355297        22.1959999207756     
   113.536403355509        22.1963999207655     
         102   113.543603355327        22.1935999208363     
   113.536403355509        22.1963999207655     
         103   113.544003355317        22.1927999208565     
   113.536403355509        22.1963999207655     
         104   113.544003355317        22.1919999208767     
   113.536003355519        22.1955999207858     
         105   113.545203355287        22.1911999208969     
   113.545203355287        22.1831999210990     
         106   113.545203355287        22.1935999208363     
   113.536403355509        22.1963999207655     
         107   113.545603355276        22.1927999208565     
   113.552003355115        22.1859999210283     
         108   113.546803355246        22.1911999208969     
   113.552003355115        22.1859999210283     
         109   113.546403355256        22.1919999208767     
   113.552003355115        22.1859999210283     
         110   113.547203355236        22.1915999208868     
   113.552003355115        22.1859999210283     
         111   113.548003355216        22.1919999208767     
   113.552003355115        22.1859999210283     
         112   113.548803355196        22.1919999208767     
   113.552003355115        22.1859999210283     
         113   113.548803355196        22.1927999208565     
   113.553203355084        22.1867999210081     
         114   113.549603355175        22.1923999208666     
   113.553203355084        22.1867999210081     
         115   113.549603355175        22.1931999208464     
   113.556803354993        22.1943999208161     
         116   113.550803355145        22.1931999208464     
   113.556803354993        22.1943999208161     
         117   113.550403355155        22.1939999208262     
   113.556803354993        22.1943999208161     
         118   113.551203355135        22.1939999208262     
   113.556803354993        22.1943999208161     
         119   113.550003355165        22.1951999207959     
   113.556803354993        22.1947999208060     
         120   113.548003355216        22.1947999208060     
   113.556803354993        22.1947999208060     
         121   113.546003355266        22.1947999208060     
   113.536403355509        22.1963999207655     
         122   113.548803355196        22.1959999207756     
   113.556803354993        22.1967999207554     
         123   113.552803355095        22.1959999207756     
   113.556803354993        22.1967999207554     
         124   113.553603355074        22.1967999207554     
   113.556803354993        22.1967999207554     
         125   113.555203355034        22.1983999207150     
   113.556803354993        22.1971999207453     
         126   113.555203355034        22.1971999207453     
   113.556803354993        22.1971999207453     
         127   113.556003355014        22.1979999207251     
   113.556803354993        22.1971999207453     
         128   113.556803354993        22.1971999207453     
   113.556803354993        22.1971999207453     
         129   113.556403355004        22.1963999207655     
   113.556803354993        22.1967999207554     
         130   113.555603355024        22.1959999207756     
   113.556803354993        22.1967999207554     
         131   113.554803355044        22.1947999208060     
   113.556803354993        22.1947999208060     
         132   113.554003355064        22.1955999207858     
   113.556803354993        22.1947999208060     
         133   113.554403355054        22.1939999208262     
   113.556803354993        22.1943999208161     
         134   113.555603355024        22.1939999208262     
   113.556803354993        22.1943999208161     
         135   113.555603355024        22.1931999208464     
   113.557203354983        22.1931999208464     
         136   113.554803355044        22.1927999208565     
   113.557203354983        22.1931999208464     
         137   113.553203355084        22.1947999208060     
   113.556803354993        22.1947999208060     
         138   113.552403355105        22.1939999208262     
   113.556803354993        22.1943999208161     
         139   113.552403355105        22.1927999208565     
   113.556803354993        22.1943999208161     
         140   113.553603355074        22.1923999208666     
   113.557203354983        22.1931999208464     
         141   113.552403355105        22.1919999208767     
   113.557203354983        22.1931999208464     
         142   113.552803355095        22.1903999209171     
   113.554003355064        22.1871999209980     
         143   113.553603355074        22.1911999208969     
   113.555203355034        22.1875999209879     
         144   113.551603355125        22.1923999208666     
   113.556803354993        22.1943999208161     
         145   113.550803355145        22.1919999208767     
   113.553203355084        22.1867999210081     
         146   113.550803355145        22.1907999209070     
   113.553203355084        22.1867999210081     
         147   113.550003355165        22.1911999208969     
   113.553203355084        22.1867999210081     
         148   113.550003355165        22.1903999209171     
   113.553203355084        22.1867999210081     
         149   113.550803355145        22.1891999209474     
   113.553203355084        22.1867999210081     
         150   113.551603355125        22.1891999209474     
   113.553203355084        22.1867999210081     
         151   113.552403355105        22.1879999209777     
   113.553203355084        22.1867999210081     
         152   113.554003355064        22.1879999209777     
   113.554003355064        22.1871999209980     
         153   113.553203355084        22.1891999209474     
   113.554003355064        22.1871999209980     
         154   113.554803355044        22.1883999209676     
   113.555203355034        22.1875999209879     
         155   113.554403355054        22.1895999209373     
   113.555203355034        22.1875999209879     
         156   113.556403355004        22.1883999209676     
   113.556003355014        22.1875999209879     
         157   113.556803354993        22.1875999209879     
   113.556403355004        22.1871999209980     
         158   113.556803354993        22.1863999210182     
   113.556403355004        22.1863999210182     
         159   113.558003354963        22.1871999209980     
   113.558403354953        22.1871999209980     
         160   113.558003354963        22.1879999209777     
   113.558403354953        22.1883999209676     
         161   113.547603355226        22.1839999210788     
   113.546003355266        22.1827999211091     
         162   113.546803355246        22.1863999210182     
   113.545603355276        22.1831999210990     
         163   113.545203355287        22.1883999209676     
   113.545203355287        22.1831999210990     
         164   113.545203355287        22.1895999209373     
   113.545203355287        22.1831999210990     
         165   113.544403355307        22.1895999209373     
   113.544803355297        22.1831999210990     
         166   113.543603355327        22.1903999209171     
   113.544803355297        22.1831999210990     
         167   113.542803355347        22.1911999208969     
   113.535603355529        22.1947999208060     
         168   113.542003355367        22.1919999208767     
   113.535603355529        22.1947999208060     
         169   113.541203355388        22.1911999208969     
   113.535203355539        22.1939999208262     
         170   113.542003355367        22.1899999209272     
   113.544803355297        22.1831999210990     
         171   113.542803355347        22.1895999209373     
   113.544803355297        22.1831999210990     
         172   113.539603355428        22.1907999209070     
   113.535203355539        22.1939999208262     
         173   113.540403355408        22.1899999209272     
   113.535203355539        22.1939999208262     
         174   113.542003355367        22.1891999209474     
   113.544803355297        22.1831999210990     
         175   113.538803355448        22.1891999209474     
   113.534003355569        22.1923999208666     
         176   113.538003355468        22.1871999209980     
   113.532803355600        22.1907999209070     
         177   113.537603355478        22.1863999210182     
   113.537603355478        22.1799999211798     
         178   113.535203355539        22.1847999210586     
   113.530803355650        22.1871999209980     
         179   113.532003355620        22.1811999211495     
   113.531603355630        22.1807999211596     
         180   113.536003355519        22.1803999211697     
   113.536003355519        22.1795999211899     
         181   113.537203355489        22.1807999211596     
   113.537203355489        22.1799999211798     
         182   113.542803355347        22.1919999208767     
   113.536003355519        22.1955999207858     
         183   113.548403355206        22.1911999208969     
   113.552003355115        22.1859999210283     
         184   113.549203355185        22.1899999209272     
   113.552003355115        22.1859999210283     
         185   113.549603355175        22.1887999209575     
   113.552003355115        22.1859999210283     
         186   113.550403355155        22.1867999210081     
   113.551603355125        22.1855999210384     
         187   113.549603355175        22.1863999210182     
   113.551603355125        22.1855999210384     
         188   113.549203355185        22.1879999209777     
   113.551603355125        22.1855999210384     
         189   113.548003355216        22.1899999209272     
   113.552003355115        22.1859999210283     
         190   113.542003355367        22.1827999211091     
   113.542403355357        22.1807999211596     
         191   113.540803355398        22.1823999211192     
   113.541203355388        22.1803999211697     
         192   113.539603355428        22.1835999210889     
   113.541203355388        22.1803999211697     
         193   113.538803355448        22.1847999210586     
   113.539203355438        22.1799999211798     
         194   113.538003355468        22.1839999210788     
   113.538003355468        22.1799999211798     
         195   113.538003355468        22.1823999211192     
   113.538003355468        22.1799999211798     
         196   113.538003355468        22.1811999211495     
   113.538003355468        22.1799999211798     
         197   113.539203355438        22.1807999211596     
   113.539203355438        22.1799999211798     
         198   113.539603355428        22.1819999211293     
   113.539603355428        22.1799999211798     
         199   113.558003354963        22.1987999207049     
   113.557203354983        22.1975999207352     
         200   113.559603354923        22.1983999207150     
   113.560403354903        22.1975999207352     
         201   113.560803354892        22.1991999206948     
   113.561203354882        22.1987999207049     
         202   113.556003355014        22.2051999205432     
   113.561603354872        22.2051999205432     
         203   113.556803354993        22.2047999205533     
   113.561603354872        22.2051999205432     
         204   113.558003354963        22.2051999205432     
   113.561603354872        22.2051999205432     
         205   113.560003354913        22.2051999205432     
   113.561603354872        22.2051999205432     
         206   113.561203354882        22.2051999205432     
   113.561603354872        22.2051999205432     
         207   113.548803355196        22.2131999203411     
   113.552003355115        22.2163999202603     
         208   113.549603355175        22.2143999203108     
   113.552003355115        22.2163999202603     
         209   113.549603355175        22.2123999203613     
   113.552403355105        22.2159999202704     
         210   113.549203355185        22.2115999203816     
   113.552403355105        22.2159999202704     
         211   113.550003355165        22.2103999204119     
   113.553603355074        22.2151999202906     
         212   113.550403355155        22.2091999204422     
   113.553603355074        22.2151999202906     
         213   113.550403355155        22.2143999203108     
   113.552003355115        22.2163999202603     
         214   113.550403355155        22.2135999203310     
   113.552403355105        22.2159999202704     
         215   113.552403355105        22.2147999203007     
   113.553203355084        22.2155999202805     
         216   113.552003355115        22.2139999203209     
   113.553203355084        22.2155999202805     
         217   113.551603355125        22.2127999203512     
   113.553603355074        22.2151999202906     
         218   113.551603355125        22.2119999203715     
   113.553603355074        22.2151999202906     
         219   113.551603355125        22.2111999203917     
   113.553603355074        22.2151999202906     
         220   113.551603355125        22.2103999204119     
   113.554803355044        22.2143999203108     
         221   113.551203355135        22.2083999204624     
   113.554803355044        22.2143999203108     
         222   113.552003355115        22.2079999204725     
   113.554803355044        22.2143999203108     
         223   113.552803355095        22.2075999204826     
   113.554803355044        22.2143999203108     
         224   113.553603355074        22.2071999204927     
   113.556003355014        22.2139999203209     
         225   113.554403355054        22.2059999205230     
   113.561203354882        22.2075999204826     
         226   113.553603355074        22.2135999203310     
   113.554403355054        22.2147999203007     
         227   113.553603355074        22.2143999203108     
   113.553603355074        22.2151999202906     
         228   113.555203355034        22.2135999203310     
   113.555603355024        22.2143999203108     
         229   113.553603355074        22.2123999203613     
   113.554803355044        22.2143999203108     
         230   113.552803355095        22.2115999203816     
   113.554803355044        22.2143999203108     
         231   113.552403355105        22.2099999204220     
   113.554803355044        22.2143999203108     
         232   113.554003355064        22.2095999204321     
   113.556003355014        22.2139999203209     
         233   113.552803355095        22.2087999204523     
   113.554803355044        22.2143999203108     
         234   113.553603355074        22.2083999204624     
   113.556003355014        22.2139999203209     
         235   113.554803355044        22.2087999204523     
   113.556003355014        22.2139999203209     
         236   113.554803355044        22.2071999204927     
   113.561203354882        22.2075999204826     
         237   113.556003355014        22.2059999205230     
   113.561203354882        22.2075999204826     
         238   113.555603355024        22.2079999204725     
   113.561203354882        22.2079999204725     
         239   113.556803354993        22.2071999204927     
   113.561203354882        22.2075999204826     
         240   113.557603354973        22.2059999205230     
   113.561203354882        22.2075999204826     
         241   113.557603354973        22.2127999203512     
   113.558003354963        22.2131999203411     
         242   113.558803354943        22.2123999203613     
   113.559203354933        22.2127999203512     
         243   113.560003354913        22.2115999203816     
   113.560003354913        22.2119999203715     
         244   113.560803354892        22.2099999204220     
   113.561203354882        22.2099999204220     
         245   113.560803354892        22.2079999204725     
   113.561203354882        22.2079999204725     
         246   113.560003354913        22.2063999205129     
   113.561603354872        22.2063999205129     
         247   113.556803354993        22.2123999203613     
   113.557203354983        22.2135999203310     
         248   113.558003354963        22.2111999203917     
   113.558003354963        22.2131999203411     
         249   113.559203354933        22.2107999204018     
   113.560003354913        22.2119999203715     
         250   113.559603354923        22.2087999204523     
   113.561203354882        22.2087999204523     
         251   113.558403354953        22.2075999204826     
   113.561203354882        22.2075999204826     
         252   113.557603354973        22.2083999204624     
   113.561203354882        22.2083999204624     
         253   113.556803354993        22.2095999204321     
   113.558003354963        22.2131999203411     
         254   113.558403354953        22.2095999204321     
   113.560803354892        22.2107999204018     
         255   113.557203354983        22.2103999204119     
   113.558003354963        22.2131999203411     
         256   113.556403355004        22.2115999203816     
   113.557203354983        22.2135999203310     
         257   113.555603355024        22.2103999204119     
   113.557203354983        22.2135999203310     
         258   113.554403355054        22.2111999203917     
   113.554803355044        22.2143999203108     
         259   113.546403355256        22.1963999207655     
   113.537203355489        22.1999999206746     
         260   113.547203355236        22.1975999207352     
   113.556803354993        22.1971999207453     
         261   113.548403355206        22.1987999207049     
   113.556803354993        22.1971999207453     
         262   113.549603355175        22.1999999206746     
   113.556803354993        22.1971999207453     
         263   113.551203355135        22.2015999206342     
   113.556803354993        22.1971999207453     
         264   113.554403355054        22.2047999205533     
   113.561603354872        22.2051999205432     
         265   113.552403355105        22.2031999205938     
   113.557203354983        22.1975999207352     
         266   113.548803355196        22.2023999206140     
   113.542403355357        22.2083999204624     
         267   113.551203355135        22.1871999209980     
   113.552003355115        22.1859999210283     
         268   113.554403355054        22.2127999203512     
   113.554803355044        22.2143999203108     
         269   113.542003355367        22.2023999206140     
   113.539603355428        22.2047999205533     
