 Variables = Boundrary grid order,longitude, latitude
           1   113.532003355620        22.1791999212001     
           2   113.532403355610        22.1791999212001     
           3   113.532803355600        22.1791999212001     
           4   113.533203355590        22.1791999212001     
           5   113.533603355580        22.1791999212001     
           6   113.534003355569        22.1791999212001     
           7   113.534403355559        22.1791999212001     
           8   113.534803355549        22.1791999212001     
           9   113.535203355539        22.1791999212001     
          10   113.535603355529        22.1791999212001     
          11   113.536003355519        22.1791999212001     
          12   113.536403355509        22.1791999212001     
          13   113.538403355458        22.1791999212001     
          14   113.531603355630        22.1795999211899     
          15   113.536803355499        22.1795999211899     
          16   113.537203355489        22.1795999211899     
          17   113.537603355478        22.1795999211899     
          18   113.538003355468        22.1795999211899     
          19   113.538803355448        22.1795999211899     
          20   113.539203355438        22.1795999211899     
          21   113.539603355428        22.1795999211899     
          22   113.540003355418        22.1795999211899     
          23   113.540403355408        22.1795999211899     
          24   113.531603355630        22.1799999211798     
          25   113.540803355398        22.1799999211798     
          26   113.541203355388        22.1799999211798     
          27   113.541603355377        22.1799999211798     
          28   113.530803355650        22.1803999211697     
          29   113.531203355640        22.1803999211697     
          30   113.542003355367        22.1803999211697     
          31   113.542403355357        22.1803999211697     
          32   113.542803355347        22.1803999211697     
          33   113.543203355337        22.1803999211697     
          34   113.530003355670        22.1807999211596     
          35   113.530403355660        22.1807999211596     
          36   113.543603355327        22.1807999211596     
          37   113.544003355317        22.1807999211596     
          38   113.544403355307        22.1807999211596     
          39   113.546003355266        22.1807999211596     
          40   113.546403355256        22.1807999211596     
          41   113.546803355246        22.1807999211596     
          42   113.530003355670        22.1811999211495     
          43   113.544403355307        22.1811999211495     
          44   113.545603355276        22.1811999211495     
          45   113.547203355236        22.1811999211495     
          46   113.547603355226        22.1811999211495     
          47   113.548003355216        22.1811999211495     
          48   113.529603355681        22.1815999211394     
          49   113.544003355317        22.1815999211394     
          50   113.545603355276        22.1815999211394     
          51   113.548403355206        22.1815999211394     
          52   113.548803355196        22.1815999211394     
          53   113.529603355681        22.1819999211293     
          54   113.544003355317        22.1819999211293     
          55   113.545603355276        22.1819999211293     
          56   113.549203355185        22.1819999211293     
          57   113.549603355175        22.1819999211293     
          58   113.550003355165        22.1819999211293     
          59   113.529203355691        22.1823999211192     
          60   113.544003355317        22.1823999211192     
          61   113.545603355276        22.1823999211192     
          62   113.550003355165        22.1823999211192     
          63   113.528803355701        22.1827999211091     
          64   113.544403355307        22.1827999211091     
          65   113.544803355297        22.1827999211091     
          66   113.545203355287        22.1827999211091     
          67   113.550403355155        22.1827999211091     
          68   113.528803355701        22.1831999210990     
          69   113.550403355155        22.1831999210990     
          70   113.528803355701        22.1835999210889     
          71   113.550803355145        22.1835999210889     
          72   113.528803355701        22.1839999210788     
          73   113.550803355145        22.1839999210788     
          74   113.528803355701        22.1843999210687     
          75   113.551203355135        22.1843999210687     
          76   113.528803355701        22.1847999210586     
          77   113.551203355135        22.1847999210586     
          78   113.528803355701        22.1851999210485     
          79   113.551203355135        22.1851999210485     
          80   113.552003355115        22.1851999210485     
          81   113.552403355105        22.1851999210485     
          82   113.556403355004        22.1851999210485     
          83   113.556803354993        22.1851999210485     
          84   113.529203355691        22.1855999210384     
          85   113.551603355125        22.1855999210384     
          86   113.552403355105        22.1855999210384     
          87   113.556003355014        22.1855999210384     
          88   113.557203354983        22.1855999210384     
          89   113.529603355681        22.1859999210283     
          90   113.552403355105        22.1859999210283     
          91   113.556003355014        22.1859999210283     
          92   113.557603354973        22.1859999210283     
          93   113.529603355681        22.1863999210182     
          94   113.530003355670        22.1863999210182     
          95   113.552803355095        22.1863999210182     
          96   113.553203355084        22.1863999210182     
          97   113.556003355014        22.1863999210182     
          98   113.558003354963        22.1863999210182     
          99   113.530403355660        22.1867999210081     
         100   113.553603355074        22.1867999210081     
         101   113.554003355064        22.1867999210081     
         102   113.554403355054        22.1867999210081     
         103   113.556003355014        22.1867999210081     
         104   113.558003354963        22.1867999210081     
         105   113.530403355660        22.1871999209980     
         106   113.554803355044        22.1871999209980     
         107   113.555203355034        22.1871999209980     
         108   113.555603355024        22.1871999209980     
         109   113.558403354953        22.1871999209980     
         110   113.530003355670        22.1875999209879     
         111   113.558403354953        22.1875999209879     
         112   113.530403355660        22.1879999209777     
         113   113.558003354963        22.1879999209777     
         114   113.530803355650        22.1883999209676     
         115   113.557603354973        22.1883999209676     
         116   113.530803355650        22.1887999209575     
         117   113.558003354963        22.1887999209575     
         118   113.531203355640        22.1891999209474     
         119   113.558003354963        22.1891999209474     
         120   113.531603355630        22.1895999209373     
         121   113.558403354953        22.1895999209373     
         122   113.532003355620        22.1899999209272     
         123   113.558403354953        22.1899999209272     
         124   113.532403355610        22.1903999209171     
         125   113.558003354963        22.1903999209171     
         126   113.532403355610        22.1907999209070     
         127   113.558003354963        22.1907999209070     
         128   113.532803355600        22.1911999208969     
         129   113.558003354963        22.1911999208969     
         130   113.533203355590        22.1915999208868     
         131   113.557603354973        22.1915999208868     
         132   113.558003354963        22.1915999208868     
         133   113.533603355580        22.1919999208767     
         134   113.557203354983        22.1919999208767     
         135   113.533603355580        22.1923999208666     
         136   113.557203354983        22.1923999208666     
         137   113.534003355569        22.1927999208565     
         138   113.556803354993        22.1927999208565     
         139   113.534403355559        22.1931999208464     
         140   113.556803354993        22.1931999208464     
         141   113.534803355549        22.1935999208363     
         142   113.556803354993        22.1935999208363     
         143   113.534803355549        22.1939999208262     
         144   113.556403355004        22.1939999208262     
         145   113.535203355539        22.1943999208161     
         146   113.556403355004        22.1943999208161     
         147   113.535203355539        22.1947999208060     
         148   113.556803354993        22.1947999208060     
         149   113.535603355529        22.1951999207959     
         150   113.556803354993        22.1951999207959     
         151   113.535603355529        22.1955999207858     
         152   113.556803354993        22.1955999207858     
         153   113.536003355519        22.1959999207756     
         154   113.556803354993        22.1959999207756     
         155   113.559203354933        22.1959999207756     
         156   113.536003355519        22.1963999207655     
         157   113.556403355004        22.1963999207655     
         158   113.558403354953        22.1963999207655     
         159   113.558803354943        22.1963999207655     
         160   113.559603354923        22.1963999207655     
         161   113.535603355529        22.1967999207554     
         162   113.556403355004        22.1967999207554     
         163   113.557203354983        22.1967999207554     
         164   113.557603354973        22.1967999207554     
         165   113.558003354963        22.1967999207554     
         166   113.560003354913        22.1967999207554     
         167   113.535603355529        22.1971999207453     
         168   113.556803354993        22.1971999207453     
         169   113.560003354913        22.1971999207453     
         170   113.535603355529        22.1975999207352     
         171   113.560403354903        22.1975999207352     
         172   113.536003355519        22.1979999207251     
         173   113.560803354892        22.1979999207251     
         174   113.536403355509        22.1983999207150     
         175   113.560803354892        22.1983999207150     
         176   113.536403355509        22.1987999207049     
         177   113.561203354882        22.1987999207049     
         178   113.536403355509        22.1991999206948     
         179   113.561603354872        22.1991999206948     
         180   113.536803355499        22.1995999206847     
         181   113.562003354862        22.1995999206847     
         182   113.562403354852        22.1995999206847     
         183   113.536403355509        22.1999999206746     
         184   113.562403354852        22.1999999206746     
         185   113.536803355499        22.2003999206645     
         186   113.562003354862        22.2003999206645     
         187   113.536803355499        22.2007999206544     
         188   113.562003354862        22.2007999206544     
         189   113.537203355489        22.2011999206443     
         190   113.561603354872        22.2011999206443     
         191   113.537203355489        22.2015999206342     
         192   113.561603354872        22.2015999206342     
         193   113.537203355489        22.2019999206241     
         194   113.561603354872        22.2019999206241     
         195   113.537203355489        22.2023999206140     
         196   113.561603354872        22.2023999206140     
         197   113.537203355489        22.2027999206039     
         198   113.561603354872        22.2027999206039     
         199   113.537203355489        22.2031999205938     
         200   113.561603354872        22.2031999205938     
         201   113.537203355489        22.2035999205837     
         202   113.561203354882        22.2035999205837     
         203   113.537203355489        22.2039999205736     
         204   113.561203354882        22.2039999205736     
         205   113.537203355489        22.2043999205634     
         206   113.537603355478        22.2043999205634     
         207   113.538003355468        22.2043999205634     
         208   113.538403355458        22.2043999205634     
         209   113.538803355448        22.2043999205634     
         210   113.539203355438        22.2043999205634     
         211   113.561603354872        22.2043999205634     
         212   113.539603355428        22.2047999205533     
         213   113.561203354882        22.2047999205533     
         214   113.540003355418        22.2051999205432     
         215   113.561203354882        22.2051999205432     
         216   113.537203355489        22.2055999205331     
         217   113.537603355478        22.2055999205331     
         218   113.538003355468        22.2055999205331     
         219   113.538403355458        22.2055999205331     
         220   113.538803355448        22.2055999205331     
         221   113.539203355438        22.2055999205331     
         222   113.539603355428        22.2055999205331     
         223   113.561203354882        22.2055999205331     
         224   113.536803355499        22.2059999205230     
         225   113.561203354882        22.2059999205230     
         226   113.536803355499        22.2063999205129     
         227   113.537203355489        22.2063999205129     
         228   113.561203354882        22.2063999205129     
         229   113.537603355478        22.2067999205028     
         230   113.538003355468        22.2067999205028     
         231   113.538403355458        22.2067999205028     
         232   113.538803355448        22.2067999205028     
         233   113.561203354882        22.2067999205028     
         234   113.535603355529        22.2071999204927     
         235   113.539203355438        22.2071999204927     
         236   113.539603355428        22.2071999204927     
         237   113.540003355418        22.2071999204927     
         238   113.540403355408        22.2071999204927     
         239   113.560803354892        22.2071999204927     
         240   113.536003355519        22.2075999204826     
         241   113.540803355398        22.2075999204826     
         242   113.541203355388        22.2075999204826     
         243   113.541603355377        22.2075999204826     
         244   113.560803354892        22.2075999204826     
         245   113.536403355509        22.2079999204725     
         246   113.536803355499        22.2079999204725     
         247   113.542003355367        22.2079999204725     
         248   113.560803354892        22.2079999204725     
         249   113.537203355489        22.2083999204624     
         250   113.537603355478        22.2083999204624     
         251   113.538003355468        22.2083999204624     
         252   113.538403355458        22.2083999204624     
         253   113.541603355377        22.2083999204624     
         254   113.560803354892        22.2083999204624     
         255   113.538803355448        22.2087999204523     
         256   113.539203355438        22.2087999204523     
         257   113.539603355428        22.2087999204523     
         258   113.541603355377        22.2087999204523     
         259   113.561203354882        22.2087999204523     
         260   113.540003355418        22.2091999204422     
         261   113.541203355388        22.2091999204422     
         262   113.560803354892        22.2091999204422     
         263   113.540003355418        22.2095999204321     
         264   113.541203355388        22.2095999204321     
         265   113.560803354892        22.2095999204321     
         266   113.540003355418        22.2099999204220     
         267   113.541203355388        22.2099999204220     
         268   113.560803354892        22.2099999204220     
         269   113.539603355428        22.2103999204119     
         270   113.540803355398        22.2103999204119     
         271   113.560403354903        22.2103999204119     
         272   113.540003355418        22.2107999204018     
         273   113.540403355408        22.2107999204018     
         274   113.560403354903        22.2107999204018     
         275   113.560403354903        22.2111999203917     
         276   113.559603354923        22.2115999203816     
         277   113.560003354913        22.2115999203816     
         278   113.559203354933        22.2119999203715     
         279   113.558803354943        22.2123999203613     
         280   113.557603354973        22.2127999203512     
         281   113.558003354963        22.2127999203512     
         282   113.558403354953        22.2127999203512     
         283   113.558803354943        22.2127999203512     
         284   113.556803354993        22.2131999203411     
         285   113.557203354983        22.2131999203411     
         286   113.555603355024        22.2135999203310     
         287   113.556003355014        22.2135999203310     
         288   113.556403355004        22.2135999203310     
         289   113.554403355054        22.2139999203209     
         290   113.555203355034        22.2139999203209     
         291   113.554003355064        22.2143999203108     
         292   113.554803355044        22.2143999203108     
         293   113.553203355084        22.2147999203007     
         294   113.553603355074        22.2147999203007     
         295   113.552803355095        22.2151999202906     
         296   113.552003355115        22.2155999202805     
         297   113.552403355105        22.2155999202805     
         298   113.551603355125        22.2159999202704     
         299   113.552403355105        22.2159999202704     
         300   113.552003355115        22.2163999202603     
         301   113.552403355105        22.2163999202603     
