66666 1713   26 0014 1713 0 3 HATO                               20180501
2017081918 1 187 1296 1004      13
2017082000 1 194 1286 1002      15
2017082006 1 198 1276 1002      15
2017082012 2 200 1267 1000      18
2017082018 2 201 1258  995      20
2017082100 2 203 1250  995      20
2017082106 2 205 1240  995      20
2017082112 2 204 1229  990      23
2017082118 2 204 1215  990      23
2017082200 3 204 1201  985      25
2017082206 3 205 1188  980      30
2017082209 4 205 1179  975      33
2017082212 4 206 1173  975      33
2017082215 4 208 1167  965      35
2017082218 4 211 1160  965      35
2017082221 4 213 1152  955      40
2017082300 5 215 1145  950      45
2017082303 6 218 1138  935      52
2017082306 5 221 1129  955      42
2017082312 3 226 1109  985      25
2017082318 2 229 1092  990      23
2017082400 2 232 1076  994      18
2017082406 1 235 1063  996      15
2017082412 1 237 1050  998      13
2017082418 1 236 1028  998      13
2017082500 0 237  998 1000      10